45
207
70
41
4
180
120
216
104
167
255
63
43
241
252
217
122
150
9
44
165
87
116
100
196
175
21
40
164
233
87
219
94
32
251
56
168
78
166
20
147
37
86
36
68
223
89
141
67
123
190
144
22
137
157
126
119
198
47
38
152
136
245
180
48
212
52
157
58
13
15
189
47
161
247
15
217
104
244
217
60
168
53
229
143
42
205
194
64
193
207
82
113
106
114
41
35
176
91
27
163
42
130
136
68
25
14
48
242
107
163
174
15
132
205
73
214
131
66
23
231
163
57
147
115
198
230
241
138
254
33
27
25
126
228
117
142
198
135
133
88
221
36
230
157
93
68
64
139
90
35
94
169
239
236
63
145
156
122
65
23
24
114
235
6
242
145
238
184
108
190
217
52
247
52
35
6
122
51
112
151
215
82
18
245
126
210
148
149
102
6
35
89
242
111
250
231
236
169
230
